{
 "cells": [
  {
   "cell_type": "markdown",
   "metadata": {},
   "source": [
    "## Feature Selection- With Correlation¶"
   ]
  },
  {
   "cell_type": "markdown",
   "metadata": {},
   "source": [
    "In this step we will be removing the features which are highly correlated"
   ]
  },
  {
   "cell_type": "code",
   "execution_count": 1,
   "metadata": {},
   "outputs": [],
   "source": [
    "#importing libraries\n",
    "import pandas as pd\n",
    "import matplotlib.pyplot as plt\n",
    "%matplotlib inline"
   ]
  },
  {
   "cell_type": "code",
   "execution_count": 2,
   "metadata": {},
   "outputs": [],
   "source": [
    "from sklearn.datasets import load_boston\n",
    "data = load_boston()\n",
    "df = pd.DataFrame(data.data, columns = data.feature_names)\n",
    "df['MEDV'] = data.target"
   ]
  },
  {
   "cell_type": "code",
   "execution_count": 3,
   "metadata": {},
   "outputs": [
    {
     "data": {
      "text/plain": [
       "array(['CRIM', 'ZN', 'INDUS', 'CHAS', 'NOX', 'RM', 'AGE', 'DIS', 'RAD',\n",
       "       'TAX', 'PTRATIO', 'B', 'LSTAT'], dtype='<U7')"
      ]
     },
     "execution_count": 3,
     "metadata": {},
     "output_type": "execute_result"
    }
   ],
   "source": [
    "data.feature_names"
   ]
  },
  {
   "cell_type": "code",
   "execution_count": 4,
   "metadata": {},
   "outputs": [
    {
     "data": {
      "text/html": [
       "<div>\n",
       "<style scoped>\n",
       "    .dataframe tbody tr th:only-of-type {\n",
       "        vertical-align: middle;\n",
       "    }\n",
       "\n",
       "    .dataframe tbody tr th {\n",
       "        vertical-align: top;\n",
       "    }\n",
       "\n",
       "    .dataframe thead th {\n",
       "        text-align: right;\n",
       "    }\n",
       "</style>\n",
       "<table border=\"1\" class=\"dataframe\">\n",
       "  <thead>\n",
       "    <tr style=\"text-align: right;\">\n",
       "      <th></th>\n",
       "      <th>CRIM</th>\n",
       "      <th>ZN</th>\n",
       "      <th>INDUS</th>\n",
       "      <th>CHAS</th>\n",
       "      <th>NOX</th>\n",
       "      <th>RM</th>\n",
       "      <th>AGE</th>\n",
       "      <th>DIS</th>\n",
       "      <th>RAD</th>\n",
       "      <th>TAX</th>\n",
       "      <th>PTRATIO</th>\n",
       "      <th>B</th>\n",
       "      <th>LSTAT</th>\n",
       "      <th>MEDV</th>\n",
       "    </tr>\n",
       "  </thead>\n",
       "  <tbody>\n",
       "    <tr>\n",
       "      <th>0</th>\n",
       "      <td>0.00632</td>\n",
       "      <td>18.0</td>\n",
       "      <td>2.31</td>\n",
       "      <td>0.0</td>\n",
       "      <td>0.538</td>\n",
       "      <td>6.575</td>\n",
       "      <td>65.2</td>\n",
       "      <td>4.0900</td>\n",
       "      <td>1.0</td>\n",
       "      <td>296.0</td>\n",
       "      <td>15.3</td>\n",
       "      <td>396.90</td>\n",
       "      <td>4.98</td>\n",
       "      <td>24.0</td>\n",
       "    </tr>\n",
       "    <tr>\n",
       "      <th>1</th>\n",
       "      <td>0.02731</td>\n",
       "      <td>0.0</td>\n",
       "      <td>7.07</td>\n",
       "      <td>0.0</td>\n",
       "      <td>0.469</td>\n",
       "      <td>6.421</td>\n",
       "      <td>78.9</td>\n",
       "      <td>4.9671</td>\n",
       "      <td>2.0</td>\n",
       "      <td>242.0</td>\n",
       "      <td>17.8</td>\n",
       "      <td>396.90</td>\n",
       "      <td>9.14</td>\n",
       "      <td>21.6</td>\n",
       "    </tr>\n",
       "    <tr>\n",
       "      <th>2</th>\n",
       "      <td>0.02729</td>\n",
       "      <td>0.0</td>\n",
       "      <td>7.07</td>\n",
       "      <td>0.0</td>\n",
       "      <td>0.469</td>\n",
       "      <td>7.185</td>\n",
       "      <td>61.1</td>\n",
       "      <td>4.9671</td>\n",
       "      <td>2.0</td>\n",
       "      <td>242.0</td>\n",
       "      <td>17.8</td>\n",
       "      <td>392.83</td>\n",
       "      <td>4.03</td>\n",
       "      <td>34.7</td>\n",
       "    </tr>\n",
       "    <tr>\n",
       "      <th>3</th>\n",
       "      <td>0.03237</td>\n",
       "      <td>0.0</td>\n",
       "      <td>2.18</td>\n",
       "      <td>0.0</td>\n",
       "      <td>0.458</td>\n",
       "      <td>6.998</td>\n",
       "      <td>45.8</td>\n",
       "      <td>6.0622</td>\n",
       "      <td>3.0</td>\n",
       "      <td>222.0</td>\n",
       "      <td>18.7</td>\n",
       "      <td>394.63</td>\n",
       "      <td>2.94</td>\n",
       "      <td>33.4</td>\n",
       "    </tr>\n",
       "    <tr>\n",
       "      <th>4</th>\n",
       "      <td>0.06905</td>\n",
       "      <td>0.0</td>\n",
       "      <td>2.18</td>\n",
       "      <td>0.0</td>\n",
       "      <td>0.458</td>\n",
       "      <td>7.147</td>\n",
       "      <td>54.2</td>\n",
       "      <td>6.0622</td>\n",
       "      <td>3.0</td>\n",
       "      <td>222.0</td>\n",
       "      <td>18.7</td>\n",
       "      <td>396.90</td>\n",
       "      <td>5.33</td>\n",
       "      <td>36.2</td>\n",
       "    </tr>\n",
       "  </tbody>\n",
       "</table>\n",
       "</div>"
      ],
      "text/plain": [
       "      CRIM    ZN  INDUS  CHAS    NOX     RM   AGE     DIS  RAD    TAX  \\\n",
       "0  0.00632  18.0   2.31   0.0  0.538  6.575  65.2  4.0900  1.0  296.0   \n",
       "1  0.02731   0.0   7.07   0.0  0.469  6.421  78.9  4.9671  2.0  242.0   \n",
       "2  0.02729   0.0   7.07   0.0  0.469  7.185  61.1  4.9671  2.0  242.0   \n",
       "3  0.03237   0.0   2.18   0.0  0.458  6.998  45.8  6.0622  3.0  222.0   \n",
       "4  0.06905   0.0   2.18   0.0  0.458  7.147  54.2  6.0622  3.0  222.0   \n",
       "\n",
       "   PTRATIO       B  LSTAT  MEDV  \n",
       "0     15.3  396.90   4.98  24.0  \n",
       "1     17.8  396.90   9.14  21.6  \n",
       "2     17.8  392.83   4.03  34.7  \n",
       "3     18.7  394.63   2.94  33.4  \n",
       "4     18.7  396.90   5.33  36.2  "
      ]
     },
     "execution_count": 4,
     "metadata": {},
     "output_type": "execute_result"
    }
   ],
   "source": [
    "df.head()"
   ]
  },
  {
   "cell_type": "code",
   "execution_count": 5,
   "metadata": {},
   "outputs": [],
   "source": [
    "X = df.drop('MEDV',axis=1)\n",
    "Y = df['MEDV']"
   ]
  },
  {
   "cell_type": "code",
   "execution_count": 6,
   "metadata": {},
   "outputs": [
    {
     "data": {
      "text/html": [
       "<div>\n",
       "<style scoped>\n",
       "    .dataframe tbody tr th:only-of-type {\n",
       "        vertical-align: middle;\n",
       "    }\n",
       "\n",
       "    .dataframe tbody tr th {\n",
       "        vertical-align: top;\n",
       "    }\n",
       "\n",
       "    .dataframe thead th {\n",
       "        text-align: right;\n",
       "    }\n",
       "</style>\n",
       "<table border=\"1\" class=\"dataframe\">\n",
       "  <thead>\n",
       "    <tr style=\"text-align: right;\">\n",
       "      <th></th>\n",
       "      <th>CRIM</th>\n",
       "      <th>ZN</th>\n",
       "      <th>INDUS</th>\n",
       "      <th>CHAS</th>\n",
       "      <th>NOX</th>\n",
       "      <th>RM</th>\n",
       "      <th>AGE</th>\n",
       "      <th>DIS</th>\n",
       "      <th>RAD</th>\n",
       "      <th>TAX</th>\n",
       "      <th>PTRATIO</th>\n",
       "      <th>B</th>\n",
       "      <th>LSTAT</th>\n",
       "      <th>MEDV</th>\n",
       "    </tr>\n",
       "  </thead>\n",
       "  <tbody>\n",
       "    <tr>\n",
       "      <th>0</th>\n",
       "      <td>0.00632</td>\n",
       "      <td>18.0</td>\n",
       "      <td>2.31</td>\n",
       "      <td>0.0</td>\n",
       "      <td>0.538</td>\n",
       "      <td>6.575</td>\n",
       "      <td>65.2</td>\n",
       "      <td>4.0900</td>\n",
       "      <td>1.0</td>\n",
       "      <td>296.0</td>\n",
       "      <td>15.3</td>\n",
       "      <td>396.90</td>\n",
       "      <td>4.98</td>\n",
       "      <td>24.0</td>\n",
       "    </tr>\n",
       "    <tr>\n",
       "      <th>1</th>\n",
       "      <td>0.02731</td>\n",
       "      <td>0.0</td>\n",
       "      <td>7.07</td>\n",
       "      <td>0.0</td>\n",
       "      <td>0.469</td>\n",
       "      <td>6.421</td>\n",
       "      <td>78.9</td>\n",
       "      <td>4.9671</td>\n",
       "      <td>2.0</td>\n",
       "      <td>242.0</td>\n",
       "      <td>17.8</td>\n",
       "      <td>396.90</td>\n",
       "      <td>9.14</td>\n",
       "      <td>21.6</td>\n",
       "    </tr>\n",
       "    <tr>\n",
       "      <th>2</th>\n",
       "      <td>0.02729</td>\n",
       "      <td>0.0</td>\n",
       "      <td>7.07</td>\n",
       "      <td>0.0</td>\n",
       "      <td>0.469</td>\n",
       "      <td>7.185</td>\n",
       "      <td>61.1</td>\n",
       "      <td>4.9671</td>\n",
       "      <td>2.0</td>\n",
       "      <td>242.0</td>\n",
       "      <td>17.8</td>\n",
       "      <td>392.83</td>\n",
       "      <td>4.03</td>\n",
       "      <td>34.7</td>\n",
       "    </tr>\n",
       "    <tr>\n",
       "      <th>3</th>\n",
       "      <td>0.03237</td>\n",
       "      <td>0.0</td>\n",
       "      <td>2.18</td>\n",
       "      <td>0.0</td>\n",
       "      <td>0.458</td>\n",
       "      <td>6.998</td>\n",
       "      <td>45.8</td>\n",
       "      <td>6.0622</td>\n",
       "      <td>3.0</td>\n",
       "      <td>222.0</td>\n",
       "      <td>18.7</td>\n",
       "      <td>394.63</td>\n",
       "      <td>2.94</td>\n",
       "      <td>33.4</td>\n",
       "    </tr>\n",
       "    <tr>\n",
       "      <th>4</th>\n",
       "      <td>0.06905</td>\n",
       "      <td>0.0</td>\n",
       "      <td>2.18</td>\n",
       "      <td>0.0</td>\n",
       "      <td>0.458</td>\n",
       "      <td>7.147</td>\n",
       "      <td>54.2</td>\n",
       "      <td>6.0622</td>\n",
       "      <td>3.0</td>\n",
       "      <td>222.0</td>\n",
       "      <td>18.7</td>\n",
       "      <td>396.90</td>\n",
       "      <td>5.33</td>\n",
       "      <td>36.2</td>\n",
       "    </tr>\n",
       "  </tbody>\n",
       "</table>\n",
       "</div>"
      ],
      "text/plain": [
       "      CRIM    ZN  INDUS  CHAS    NOX     RM   AGE     DIS  RAD    TAX  \\\n",
       "0  0.00632  18.0   2.31   0.0  0.538  6.575  65.2  4.0900  1.0  296.0   \n",
       "1  0.02731   0.0   7.07   0.0  0.469  6.421  78.9  4.9671  2.0  242.0   \n",
       "2  0.02729   0.0   7.07   0.0  0.469  7.185  61.1  4.9671  2.0  242.0   \n",
       "3  0.03237   0.0   2.18   0.0  0.458  6.998  45.8  6.0622  3.0  222.0   \n",
       "4  0.06905   0.0   2.18   0.0  0.458  7.147  54.2  6.0622  3.0  222.0   \n",
       "\n",
       "   PTRATIO       B  LSTAT  MEDV  \n",
       "0     15.3  396.90   4.98  24.0  \n",
       "1     17.8  396.90   9.14  21.6  \n",
       "2     17.8  392.83   4.03  34.7  \n",
       "3     18.7  394.63   2.94  33.4  \n",
       "4     18.7  396.90   5.33  36.2  "
      ]
     },
     "execution_count": 6,
     "metadata": {},
     "output_type": "execute_result"
    }
   ],
   "source": [
    "df.head()"
   ]
  },
  {
   "cell_type": "code",
   "execution_count": 7,
   "metadata": {},
   "outputs": [
    {
     "data": {
      "text/html": [
       "<div>\n",
       "<style scoped>\n",
       "    .dataframe tbody tr th:only-of-type {\n",
       "        vertical-align: middle;\n",
       "    }\n",
       "\n",
       "    .dataframe tbody tr th {\n",
       "        vertical-align: top;\n",
       "    }\n",
       "\n",
       "    .dataframe thead th {\n",
       "        text-align: right;\n",
       "    }\n",
       "</style>\n",
       "<table border=\"1\" class=\"dataframe\">\n",
       "  <thead>\n",
       "    <tr style=\"text-align: right;\">\n",
       "      <th></th>\n",
       "      <th>CRIM</th>\n",
       "      <th>ZN</th>\n",
       "      <th>INDUS</th>\n",
       "      <th>CHAS</th>\n",
       "      <th>NOX</th>\n",
       "      <th>RM</th>\n",
       "      <th>AGE</th>\n",
       "      <th>DIS</th>\n",
       "      <th>RAD</th>\n",
       "      <th>TAX</th>\n",
       "      <th>PTRATIO</th>\n",
       "      <th>B</th>\n",
       "      <th>LSTAT</th>\n",
       "    </tr>\n",
       "  </thead>\n",
       "  <tbody>\n",
       "    <tr>\n",
       "      <th>0</th>\n",
       "      <td>0.00632</td>\n",
       "      <td>18.0</td>\n",
       "      <td>2.31</td>\n",
       "      <td>0.0</td>\n",
       "      <td>0.538</td>\n",
       "      <td>6.575</td>\n",
       "      <td>65.2</td>\n",
       "      <td>4.0900</td>\n",
       "      <td>1.0</td>\n",
       "      <td>296.0</td>\n",
       "      <td>15.3</td>\n",
       "      <td>396.90</td>\n",
       "      <td>4.98</td>\n",
       "    </tr>\n",
       "    <tr>\n",
       "      <th>1</th>\n",
       "      <td>0.02731</td>\n",
       "      <td>0.0</td>\n",
       "      <td>7.07</td>\n",
       "      <td>0.0</td>\n",
       "      <td>0.469</td>\n",
       "      <td>6.421</td>\n",
       "      <td>78.9</td>\n",
       "      <td>4.9671</td>\n",
       "      <td>2.0</td>\n",
       "      <td>242.0</td>\n",
       "      <td>17.8</td>\n",
       "      <td>396.90</td>\n",
       "      <td>9.14</td>\n",
       "    </tr>\n",
       "    <tr>\n",
       "      <th>2</th>\n",
       "      <td>0.02729</td>\n",
       "      <td>0.0</td>\n",
       "      <td>7.07</td>\n",
       "      <td>0.0</td>\n",
       "      <td>0.469</td>\n",
       "      <td>7.185</td>\n",
       "      <td>61.1</td>\n",
       "      <td>4.9671</td>\n",
       "      <td>2.0</td>\n",
       "      <td>242.0</td>\n",
       "      <td>17.8</td>\n",
       "      <td>392.83</td>\n",
       "      <td>4.03</td>\n",
       "    </tr>\n",
       "    <tr>\n",
       "      <th>3</th>\n",
       "      <td>0.03237</td>\n",
       "      <td>0.0</td>\n",
       "      <td>2.18</td>\n",
       "      <td>0.0</td>\n",
       "      <td>0.458</td>\n",
       "      <td>6.998</td>\n",
       "      <td>45.8</td>\n",
       "      <td>6.0622</td>\n",
       "      <td>3.0</td>\n",
       "      <td>222.0</td>\n",
       "      <td>18.7</td>\n",
       "      <td>394.63</td>\n",
       "      <td>2.94</td>\n",
       "    </tr>\n",
       "    <tr>\n",
       "      <th>4</th>\n",
       "      <td>0.06905</td>\n",
       "      <td>0.0</td>\n",
       "      <td>2.18</td>\n",
       "      <td>0.0</td>\n",
       "      <td>0.458</td>\n",
       "      <td>7.147</td>\n",
       "      <td>54.2</td>\n",
       "      <td>6.0622</td>\n",
       "      <td>3.0</td>\n",
       "      <td>222.0</td>\n",
       "      <td>18.7</td>\n",
       "      <td>396.90</td>\n",
       "      <td>5.33</td>\n",
       "    </tr>\n",
       "  </tbody>\n",
       "</table>\n",
       "</div>"
      ],
      "text/plain": [
       "      CRIM    ZN  INDUS  CHAS    NOX     RM   AGE     DIS  RAD    TAX  \\\n",
       "0  0.00632  18.0   2.31   0.0  0.538  6.575  65.2  4.0900  1.0  296.0   \n",
       "1  0.02731   0.0   7.07   0.0  0.469  6.421  78.9  4.9671  2.0  242.0   \n",
       "2  0.02729   0.0   7.07   0.0  0.469  7.185  61.1  4.9671  2.0  242.0   \n",
       "3  0.03237   0.0   2.18   0.0  0.458  6.998  45.8  6.0622  3.0  222.0   \n",
       "4  0.06905   0.0   2.18   0.0  0.458  7.147  54.2  6.0622  3.0  222.0   \n",
       "\n",
       "   PTRATIO       B  LSTAT  \n",
       "0     15.3  396.90   4.98  \n",
       "1     17.8  396.90   9.14  \n",
       "2     17.8  392.83   4.03  \n",
       "3     18.7  394.63   2.94  \n",
       "4     18.7  396.90   5.33  "
      ]
     },
     "execution_count": 7,
     "metadata": {},
     "output_type": "execute_result"
    }
   ],
   "source": [
    "X.head()"
   ]
  },
  {
   "cell_type": "code",
   "execution_count": 8,
   "metadata": {},
   "outputs": [
    {
     "data": {
      "text/plain": [
       "((364, 13), (142, 13))"
      ]
     },
     "execution_count": 8,
     "metadata": {},
     "output_type": "execute_result"
    }
   ],
   "source": [
    "#seperating the dataset \n",
    "from sklearn.model_selection import train_test_split\n",
    "X_train,X_test,Y_train,Y_test = train_test_split(X,Y, test_size=0.28,random_state=0)\n",
    "\n",
    "X_train.shape, X_test.shape"
   ]
  },
  {
   "cell_type": "code",
   "execution_count": 9,
   "metadata": {},
   "outputs": [
    {
     "data": {
      "text/html": [
       "<div>\n",
       "<style scoped>\n",
       "    .dataframe tbody tr th:only-of-type {\n",
       "        vertical-align: middle;\n",
       "    }\n",
       "\n",
       "    .dataframe tbody tr th {\n",
       "        vertical-align: top;\n",
       "    }\n",
       "\n",
       "    .dataframe thead th {\n",
       "        text-align: right;\n",
       "    }\n",
       "</style>\n",
       "<table border=\"1\" class=\"dataframe\">\n",
       "  <thead>\n",
       "    <tr style=\"text-align: right;\">\n",
       "      <th></th>\n",
       "      <th>CRIM</th>\n",
       "      <th>ZN</th>\n",
       "      <th>INDUS</th>\n",
       "      <th>CHAS</th>\n",
       "      <th>NOX</th>\n",
       "      <th>RM</th>\n",
       "      <th>AGE</th>\n",
       "      <th>DIS</th>\n",
       "      <th>RAD</th>\n",
       "      <th>TAX</th>\n",
       "      <th>PTRATIO</th>\n",
       "      <th>B</th>\n",
       "      <th>LSTAT</th>\n",
       "    </tr>\n",
       "  </thead>\n",
       "  <tbody>\n",
       "    <tr>\n",
       "      <th>CRIM</th>\n",
       "      <td>1.000000</td>\n",
       "      <td>-0.195279</td>\n",
       "      <td>0.387538</td>\n",
       "      <td>-0.048357</td>\n",
       "      <td>0.422893</td>\n",
       "      <td>-0.196225</td>\n",
       "      <td>0.333369</td>\n",
       "      <td>-0.360906</td>\n",
       "      <td>0.608202</td>\n",
       "      <td>0.564426</td>\n",
       "      <td>0.267097</td>\n",
       "      <td>-0.298736</td>\n",
       "      <td>0.447967</td>\n",
       "    </tr>\n",
       "    <tr>\n",
       "      <th>ZN</th>\n",
       "      <td>-0.195279</td>\n",
       "      <td>1.000000</td>\n",
       "      <td>-0.523188</td>\n",
       "      <td>-0.062467</td>\n",
       "      <td>-0.519320</td>\n",
       "      <td>0.321099</td>\n",
       "      <td>-0.580351</td>\n",
       "      <td>0.654986</td>\n",
       "      <td>-0.311553</td>\n",
       "      <td>-0.315922</td>\n",
       "      <td>-0.393949</td>\n",
       "      <td>0.162603</td>\n",
       "      <td>-0.422313</td>\n",
       "    </tr>\n",
       "    <tr>\n",
       "      <th>INDUS</th>\n",
       "      <td>0.387538</td>\n",
       "      <td>-0.523188</td>\n",
       "      <td>1.000000</td>\n",
       "      <td>0.046645</td>\n",
       "      <td>0.752760</td>\n",
       "      <td>-0.401245</td>\n",
       "      <td>0.625147</td>\n",
       "      <td>-0.689989</td>\n",
       "      <td>0.585209</td>\n",
       "      <td>0.722657</td>\n",
       "      <td>0.388899</td>\n",
       "      <td>-0.336096</td>\n",
       "      <td>0.609642</td>\n",
       "    </tr>\n",
       "    <tr>\n",
       "      <th>CHAS</th>\n",
       "      <td>-0.048357</td>\n",
       "      <td>-0.062467</td>\n",
       "      <td>0.046645</td>\n",
       "      <td>1.000000</td>\n",
       "      <td>0.045784</td>\n",
       "      <td>0.085874</td>\n",
       "      <td>0.069141</td>\n",
       "      <td>-0.086701</td>\n",
       "      <td>0.023394</td>\n",
       "      <td>-0.015248</td>\n",
       "      <td>-0.073140</td>\n",
       "      <td>0.068361</td>\n",
       "      <td>-0.055660</td>\n",
       "    </tr>\n",
       "    <tr>\n",
       "      <th>NOX</th>\n",
       "      <td>0.422893</td>\n",
       "      <td>-0.519320</td>\n",
       "      <td>0.752760</td>\n",
       "      <td>0.045784</td>\n",
       "      <td>1.000000</td>\n",
       "      <td>-0.288487</td>\n",
       "      <td>0.741943</td>\n",
       "      <td>-0.768308</td>\n",
       "      <td>0.633618</td>\n",
       "      <td>0.685970</td>\n",
       "      <td>0.184903</td>\n",
       "      <td>-0.373410</td>\n",
       "      <td>0.586367</td>\n",
       "    </tr>\n",
       "    <tr>\n",
       "      <th>RM</th>\n",
       "      <td>-0.196225</td>\n",
       "      <td>0.321099</td>\n",
       "      <td>-0.401245</td>\n",
       "      <td>0.085874</td>\n",
       "      <td>-0.288487</td>\n",
       "      <td>1.000000</td>\n",
       "      <td>-0.244472</td>\n",
       "      <td>0.193501</td>\n",
       "      <td>-0.190013</td>\n",
       "      <td>-0.283456</td>\n",
       "      <td>-0.389013</td>\n",
       "      <td>0.157381</td>\n",
       "      <td>-0.628616</td>\n",
       "    </tr>\n",
       "    <tr>\n",
       "      <th>AGE</th>\n",
       "      <td>0.333369</td>\n",
       "      <td>-0.580351</td>\n",
       "      <td>0.625147</td>\n",
       "      <td>0.069141</td>\n",
       "      <td>0.741943</td>\n",
       "      <td>-0.244472</td>\n",
       "      <td>1.000000</td>\n",
       "      <td>-0.759424</td>\n",
       "      <td>0.442992</td>\n",
       "      <td>0.497825</td>\n",
       "      <td>0.245699</td>\n",
       "      <td>-0.249754</td>\n",
       "      <td>0.608435</td>\n",
       "    </tr>\n",
       "    <tr>\n",
       "      <th>DIS</th>\n",
       "      <td>-0.360906</td>\n",
       "      <td>0.654986</td>\n",
       "      <td>-0.689989</td>\n",
       "      <td>-0.086701</td>\n",
       "      <td>-0.768308</td>\n",
       "      <td>0.193501</td>\n",
       "      <td>-0.759424</td>\n",
       "      <td>1.000000</td>\n",
       "      <td>-0.474719</td>\n",
       "      <td>-0.522403</td>\n",
       "      <td>-0.181531</td>\n",
       "      <td>0.252543</td>\n",
       "      <td>-0.508845</td>\n",
       "    </tr>\n",
       "    <tr>\n",
       "      <th>RAD</th>\n",
       "      <td>0.608202</td>\n",
       "      <td>-0.311553</td>\n",
       "      <td>0.585209</td>\n",
       "      <td>0.023394</td>\n",
       "      <td>0.633618</td>\n",
       "      <td>-0.190013</td>\n",
       "      <td>0.442992</td>\n",
       "      <td>-0.474719</td>\n",
       "      <td>1.000000</td>\n",
       "      <td>0.908036</td>\n",
       "      <td>0.437992</td>\n",
       "      <td>-0.421592</td>\n",
       "      <td>0.458060</td>\n",
       "    </tr>\n",
       "    <tr>\n",
       "      <th>TAX</th>\n",
       "      <td>0.564426</td>\n",
       "      <td>-0.315922</td>\n",
       "      <td>0.722657</td>\n",
       "      <td>-0.015248</td>\n",
       "      <td>0.685970</td>\n",
       "      <td>-0.283456</td>\n",
       "      <td>0.497825</td>\n",
       "      <td>-0.522403</td>\n",
       "      <td>0.908036</td>\n",
       "      <td>1.000000</td>\n",
       "      <td>0.446435</td>\n",
       "      <td>-0.417518</td>\n",
       "      <td>0.527284</td>\n",
       "    </tr>\n",
       "    <tr>\n",
       "      <th>PTRATIO</th>\n",
       "      <td>0.267097</td>\n",
       "      <td>-0.393949</td>\n",
       "      <td>0.388899</td>\n",
       "      <td>-0.073140</td>\n",
       "      <td>0.184903</td>\n",
       "      <td>-0.389013</td>\n",
       "      <td>0.245699</td>\n",
       "      <td>-0.181531</td>\n",
       "      <td>0.437992</td>\n",
       "      <td>0.446435</td>\n",
       "      <td>1.000000</td>\n",
       "      <td>-0.149301</td>\n",
       "      <td>0.391141</td>\n",
       "    </tr>\n",
       "    <tr>\n",
       "      <th>B</th>\n",
       "      <td>-0.298736</td>\n",
       "      <td>0.162603</td>\n",
       "      <td>-0.336096</td>\n",
       "      <td>0.068361</td>\n",
       "      <td>-0.373410</td>\n",
       "      <td>0.157381</td>\n",
       "      <td>-0.249754</td>\n",
       "      <td>0.252543</td>\n",
       "      <td>-0.421592</td>\n",
       "      <td>-0.417518</td>\n",
       "      <td>-0.149301</td>\n",
       "      <td>1.000000</td>\n",
       "      <td>-0.367334</td>\n",
       "    </tr>\n",
       "    <tr>\n",
       "      <th>LSTAT</th>\n",
       "      <td>0.447967</td>\n",
       "      <td>-0.422313</td>\n",
       "      <td>0.609642</td>\n",
       "      <td>-0.055660</td>\n",
       "      <td>0.586367</td>\n",
       "      <td>-0.628616</td>\n",
       "      <td>0.608435</td>\n",
       "      <td>-0.508845</td>\n",
       "      <td>0.458060</td>\n",
       "      <td>0.527284</td>\n",
       "      <td>0.391141</td>\n",
       "      <td>-0.367334</td>\n",
       "      <td>1.000000</td>\n",
       "    </tr>\n",
       "  </tbody>\n",
       "</table>\n",
       "</div>"
      ],
      "text/plain": [
       "             CRIM        ZN     INDUS      CHAS       NOX        RM       AGE  \\\n",
       "CRIM     1.000000 -0.195279  0.387538 -0.048357  0.422893 -0.196225  0.333369   \n",
       "ZN      -0.195279  1.000000 -0.523188 -0.062467 -0.519320  0.321099 -0.580351   \n",
       "INDUS    0.387538 -0.523188  1.000000  0.046645  0.752760 -0.401245  0.625147   \n",
       "CHAS    -0.048357 -0.062467  0.046645  1.000000  0.045784  0.085874  0.069141   \n",
       "NOX      0.422893 -0.519320  0.752760  0.045784  1.000000 -0.288487  0.741943   \n",
       "RM      -0.196225  0.321099 -0.401245  0.085874 -0.288487  1.000000 -0.244472   \n",
       "AGE      0.333369 -0.580351  0.625147  0.069141  0.741943 -0.244472  1.000000   \n",
       "DIS     -0.360906  0.654986 -0.689989 -0.086701 -0.768308  0.193501 -0.759424   \n",
       "RAD      0.608202 -0.311553  0.585209  0.023394  0.633618 -0.190013  0.442992   \n",
       "TAX      0.564426 -0.315922  0.722657 -0.015248  0.685970 -0.283456  0.497825   \n",
       "PTRATIO  0.267097 -0.393949  0.388899 -0.073140  0.184903 -0.389013  0.245699   \n",
       "B       -0.298736  0.162603 -0.336096  0.068361 -0.373410  0.157381 -0.249754   \n",
       "LSTAT    0.447967 -0.422313  0.609642 -0.055660  0.586367 -0.628616  0.608435   \n",
       "\n",
       "              DIS       RAD       TAX   PTRATIO         B     LSTAT  \n",
       "CRIM    -0.360906  0.608202  0.564426  0.267097 -0.298736  0.447967  \n",
       "ZN       0.654986 -0.311553 -0.315922 -0.393949  0.162603 -0.422313  \n",
       "INDUS   -0.689989  0.585209  0.722657  0.388899 -0.336096  0.609642  \n",
       "CHAS    -0.086701  0.023394 -0.015248 -0.073140  0.068361 -0.055660  \n",
       "NOX     -0.768308  0.633618  0.685970  0.184903 -0.373410  0.586367  \n",
       "RM       0.193501 -0.190013 -0.283456 -0.389013  0.157381 -0.628616  \n",
       "AGE     -0.759424  0.442992  0.497825  0.245699 -0.249754  0.608435  \n",
       "DIS      1.000000 -0.474719 -0.522403 -0.181531  0.252543 -0.508845  \n",
       "RAD     -0.474719  1.000000  0.908036  0.437992 -0.421592  0.458060  \n",
       "TAX     -0.522403  0.908036  1.000000  0.446435 -0.417518  0.527284  \n",
       "PTRATIO -0.181531  0.437992  0.446435  1.000000 -0.149301  0.391141  \n",
       "B        0.252543 -0.421592 -0.417518 -0.149301  1.000000 -0.367334  \n",
       "LSTAT   -0.508845  0.458060  0.527284  0.391141 -0.367334  1.000000  "
      ]
     },
     "execution_count": 9,
     "metadata": {},
     "output_type": "execute_result"
    }
   ],
   "source": [
    "X_train.corr()"
   ]
  },
  {
   "cell_type": "code",
   "execution_count": 10,
   "metadata": {},
   "outputs": [
    {
     "data": {
